###############################################################################
# Lacerda@sacoduxlimoes	
#
# N_Z = Number of zones	
# N_1 = Number of zones with one pixel
# N_10 = Number of zones with more than 10 pixels	
# + 10% = set to one if N_10 / N_Z ratio is more > 10
#
###############################################################################
#GalaxyName    CALIFA ID      N_Z            N_1            N_1/N_Z        N_10           N_10/N_Z       + 10%
IC5376	K0001	649	599	0.92	21	0.03 	0
UGC00005	K0002	1154	1108	0.96	23	0.02 	0
NGC7819	K0003	710	626	0.88	52	0.07 	0
UGC00029	K0004	261	237	0.91	17	0.07 	0
UGC00036	K0007	605	576	0.95	17	0.03 	0
NGC0001	K0008	1132	1077	0.95	40	0.04 	0
NGC0023	K0009	1437	1370	0.95	42	0.03 	0
NGC0036	K0010	1553	1471	0.95	48	0.03 	0
UGC00148	K0012	526	495	0.94	18	0.03 	0
UGC00312	K0014	974	922	0.95	27	0.03 	0
UGC00335NED02	K0017	481	440	0.91	28	0.06 	0
NGC0160	K0020	467	416	0.89	41	0.09 	0
NGC0169	K0022	981	936	0.95	31	0.03 	0
NGC0192	K0026	1497	1426	0.95	38	0.03 	0
NGC0214	K0028	1080	997	0.92	39	0.04 	0
NGC0234	K0031	2557	2496	0.98	35	0.01 	0
NGC0257	K0033	1392	1312	0.94	40	0.03 	0
NGC0444	K0039	473	435	0.92	21	0.04 	0
UGC00841	K0041	326	300	0.92	17	0.05 	0
NGC0477	K0042	880	781	0.89	46	0.05 	0
IC1683	K0043	799	756	0.95	28	0.04 	0
NGC0499	K0044	1963	1890	0.96	44	0.02 	0
NGC0496	K0045	598	531	0.89	42	0.07 	0
NGC0517	K0047	723	662	0.92	34	0.05 	0
UGC01057	K0053	420	392	0.93	15	0.04 	0
NGC0776	K0073	1733	1628	0.94	61	0.04 	0
UGC01938	K0088	247	211	0.85	17	0.07 	0
NGC1056	K0100	1115	1043	0.94	42	0.04 	0
UGC02405	K0116	223	204	0.91	13	0.06 	0
NGC1167	K0119	1879	1771	0.94	50	0.03 	0
NGC1349	K0127	713	651	0.91	41	0.06 	0
NGC1542	K0131	542	512	0.94	18	0.03 	0
UGC03038	K0132	221	200	0.90	12	0.05 	0
UGC03107	K0133	170	148	0.87	15	0.09 	0
NGC1645	K0134	706	653	0.92	32	0.05 	0
IC2095	K0141	72	53	0.74	13	0.18	1
UGC03253	K0146	623	575	0.92	28	0.04 	0
NGC2253	K0147	1759	1689	0.96	38	0.02 	0
NGC2347	K0149	1072	1023	0.95	36	0.03 	0
UGC03899	K0150	201	181	0.90	15	0.07 	0
NGC2410	K0151	720	663	0.92	35	0.05 	0
UGC03944	K0152	584	541	0.93	23	0.04 	0
UGC03969	K0153	230	202	0.88	17	0.07 	0
UGC03973	K0154	767	715	0.93	38	0.05 	0
UGC03995	K0155	1086	1007	0.93	44	0.04 	0
NGC2449	K0156	851	802	0.94	28	0.03 	0
UGC04132	K0165	784	741	0.95	28	0.04 	0
NGC2513	K0171	1923	1840	0.96	48	0.02 	0
IC2247	K0186	577	536	0.93	22	0.04 	0
UGC04461	K0208	560	513	0.92	21	0.04 	0
NGC2623	K0213	561	530	0.94	19	0.03 	0
NGC2639	K0219	2069	2009	0.97	32	0.02 	0
UGC04659	K0226	174	146	0.84	20	0.11	1
UGC04722	K0231	228	199	0.87	19	0.08 	0
IC2487	K0273	856	811	0.95	22	0.03 	0
IC0540	K0274	511	472	0.92	22	0.04 	0
NGC2906	K0275	2201	2142	0.97	34	0.02 	0
NGC2916	K0277	1638	1528	0.93	53	0.03 	0
UGC05358	K0306	327	289	0.88	30	0.09 	0
UGC05359	K0307	306	270	0.88	16	0.05 	0
UGC05396	K0309	326	291	0.89	18	0.06 	0
NGC3106	K0311	773	700	0.91	46	0.06 	0
NGC3057	K0312	591	509	0.86	58	0.10 	0
UGC05498NED01	K0314	354	322	0.91	17	0.05 	0
NGC3158	K0318	1061	970	0.91	37	0.03 	0
NGC3160	K0319	278	252	0.91	19	0.07 	0
UGC05598	K0326	410	380	0.93	16	0.04 	0
NGC3300	K0339	1462	1401	0.96	31	0.02 	0
NGC3303	K0340	734	694	0.95	26	0.04 	0
UGC05771	K0341	648	602	0.93	32	0.05 	0
NGC3406NED01	K0360	1104	1028	0.93	40	0.04 	0
UGC06036	K0364	516	479	0.93	21	0.04 	0
NGC3615	K0387	1185	1121	0.95	37	0.03 	0
NGC3614	K0388	2019	1883	0.93	54	0.03 	0
NGC3991	K0475	594	566	0.95	16	0.03 	0
NGC4003	K0479	911	869	0.95	26	0.03 	0
UGC07012	K0486	675	633	0.94	25	0.04 	0
NGC4047	K0489	2114	2053	0.97	30	0.01 	0
UGC07145	K0500	442	399	0.90	21	0.05 	0
NGC4185	K0515	2202	2071	0.94	51	0.02 	0
NGC4210	K0518	1938	1847	0.95	38	0.02 	0
IC0776	K0528	319	260	0.82	44	0.14	1
NGC4470	K0548	1854	1791	0.97	32	0.02 	0
NGC4676	K0577	599	557	0.93	21	0.04 	0
NGC4711	K0580	1315	1247	0.95	38	0.03 	0
NGC4841A	K0589	1166	1109	0.95	32	0.03 	0
UGC08234	K0607	743	701	0.94	28	0.04 	0
NGC5000	K0608	575	525	0.91	33	0.06 	0
UGC08250	K0609	183	154	0.84	16	0.09 	0
UGC08267	K0610	259	234	0.90	16	0.06 	0
NGC5205	K0630	1185	1131	0.95	35	0.03 	0
NGC5216	K0633	1362	1285	0.94	51	0.04 	0
UGC08733	K0657	979	882	0.90	51	0.05 	0
IC0944	K0663	731	687	0.94	28	0.04 	0
UGC08778	K0664	505	474	0.94	18	0.04 	0
UGC08781	K0665	729	654	0.90	45	0.06 	0
NGC5378	K0676	1069	941	0.88	64	0.06 	0
NGC5394	K0680	885	818	0.92	38	0.04 	0
NGC5406	K0684	2210	2117	0.96	47	0.02 	0
NGC5485	K0708	3077	2991	0.97	41	0.01 	0
UGC09067	K0714	593	558	0.94	21	0.04 	0
NGC5633	K0748	1774	1714	0.97	33	0.02 	0
NGC5682	K0758	587	548	0.93	24	0.04 	0
NGC5720	K0764	1060	998	0.94	29	0.03 	0
NGC5732	K0768	870	818	0.94	32	0.04 	0
UGC09476	K0769	1696	1604	0.95	47	0.03 	0
UGC09598	K0779	914	864	0.95	20	0.02 	0
UGC09665	K0783	591	550	0.93	20	0.03 	0
UGC09873	K0797	347	317	0.91	21	0.06 	0
UGC09892	K0798	569	538	0.95	19	0.03 	0
ARP220	K0802	1157	1103	0.95	39	0.03 	0
NGC5971	K0804	414	377	0.91	27	0.07 	0
NGC5966	K0806	1513	1449	0.96	40	0.03 	0
NGC6032	K0820	237	202	0.85	27	0.11	1
NGC6060	K0821	277	212	0.77	39	0.14	1
UGC10205	K0822	562	517	0.92	30	0.05 	0
NGC6063	K0823	1575	1508	0.96	34	0.02 	0
IC1199	K0824	990	953	0.96	22	0.02 	0
NGC6081	K0826	836	783	0.94	26	0.03 	0
UGC10297	K0827	169	141	0.83	15	0.09 	0
UGC10331	K0828	531	495	0.93	20	0.04 	0
NGC6125	K0829	2155	2081	0.97	37	0.02 	0
NGC6146	K0832	1205	1138	0.94	37	0.03 	0
NGC6154	K0833	1483	1385	0.93	37	0.02 	0
NGC6150	K0835	725	685	0.94	28	0.04 	0
NGC6155	K0836	2340	2274	0.97	29	0.01 	0
UGC10384	K0837	364	334	0.92	18	0.05 	0
NGC6166NED01	K0839	1389	1300	0.94	44	0.03 	0
NGC6173	K0840	1738	1655	0.95	45	0.03 	0
NGC6168	K0841	645	603	0.93	19	0.03 	0
UGC10650	K0843	183	152	0.83	22	0.12	1
NGC6278	K0844	1994	1928	0.97	30	0.02 	0
UGC10693	K0845	1685	1613	0.96	34	0.02 	0
UGC10695	K0846	2788	2788	1.00	0	0.00 	0
UGC10695	K0846	701	647	0.92	37	0.05 	0
UGC10710	K0847	608	552	0.91	28	0.05 	0
NGC6310	K0848	988	950	0.96	20	0.02 	0
NGC6301	K0849	110	70	0.64	29	0.26	1
NGC6314	K0850	1054	985	0.93	30	0.03 	0
NGC6338	K0851	1093	1027	0.94	37	0.03 	0
UGC10796	K0852	323	283	0.88	26	0.08 	0
NGC6361	K0853	1535	1484	0.97	26	0.02 	0
UGC10811	K0854	415	371	0.89	21	0.05 	0
IC1256	K0856	1094	1037	0.95	33	0.03 	0
NGC6394	K0857	611	581	0.95	20	0.03 	0
UGC10905	K0858	920	859	0.93	33	0.04 	0
NGC6411	K0859	2510	2438	0.97	40	0.02 	0
NGC6427	K0860	1068	1019	0.95	22	0.02 	0
UGC10972	K0861	636	599	0.94	23	0.04 	0
NGC6478	K0862	959	912	0.95	29	0.03 	0
NGC6497	K0863	1435	1363	0.95	37	0.03 	0
NGC6515	K0864	887	811	0.91	44	0.05 	0
UGC11228	K0865	850	807	0.95	23	0.03 	0
UGC11262	K0866	361	316	0.88	30	0.08 	0
NGC6762	K0867	631	596	0.94	19	0.03 	0
NGC6941	K0869	1351	1243	0.92	48	0.04 	0
NGC6945	K0870	1294	1214	0.94	37	0.03 	0
NGC6978	K0871	919	867	0.94	21	0.02 	0
UGC11649	K0872	1421	1341	0.94	35	0.02 	0
UGC11680NED01	K0873	686	641	0.93	31	0.05 	0
NGC7025	K0874	1766	1710	0.97	22	0.01 	0
UGC11694	K0875	1109	1046	0.94	29	0.03 	0
NGC7047	K0876	1047	996	0.95	26	0.02 	0
UGC11717	K0877	704	638	0.91	42	0.06 	0
MCG-01-54-016	K0878	157	127	0.81	20	0.13	1
UGC11740	K0879	350	320	0.91	19	0.05 	0
UGC11792	K0880	242	216	0.89	17	0.07 	0
NGC7194	K0881	3142	3142	1.00	0	0.00 	0
NGC7194	K0881	1035	971	0.94	39	0.04 	0
NGC7236	K0882	598	552	0.92	26	0.04 	0
UGC11958	K0883	854	771	0.90	43	0.05 	0
UGC12054	K0885	310	280	0.90	18	0.06 	0
NGC7311	K0886	1730	1672	0.97	30	0.02 	0
NGC7321	K0887	1586	1531	0.97	32	0.02 	0
UGC12127	K0888	1288	1209	0.94	46	0.04 	0
UGC12185	K0890	591	547	0.93	32	0.05 	0
UGC12224	K0891	617	500	0.81	82	0.13	1
VV488NED02	K0892	334	307	0.92	14	0.04 	0
NGC7436B	K0893	1484	1402	0.94	38	0.03 	0
UGC12274	K0894	624	594	0.95	17	0.03 	0
UGC12308	K0895	417	386	0.93	18	0.04 	0
NGC7466	K0896	694	653	0.94	23	0.03 	0
NGC7489	K0898	690	631	0.91	37	0.05 	0
NGC7536	K0899	977	931	0.95	17	0.02 	0
NGC7550	K0900	1874	1785	0.95	40	0.02 	0
NGC7549	K0901	1450	1392	0.96	27	0.02 	0
NGC7563	K0902	1321	1224	0.93	47	0.04 	0
NGC7562	K0903	2506	2432	0.97	49	0.02 	0
NGC7591	K0904	1150	1069	0.93	45	0.04 	0
UGC12494	K0905	121	95	0.79	16	0.13	1
IC5309	K0906	722	677	0.94	25	0.03 	0
NGC7608	K0907	411	366	0.89	18	0.04 	0
NGC7611	K0908	1150	1103	0.96	24	0.02 	0
UGC12519	K0909	801	758	0.95	25	0.03 	0
NGC7625	K0913	2289	2215	0.97	39	0.02 	0
NGC7653	K0915	1514	1421	0.94	49	0.03 	0
NGC7671	K0916	858	813	0.95	26	0.03 	0
NGC7691	K0920	221	169	0.76	39	0.18	1
NGC7722	K0925	481	423	0.88	39	0.08 	0
NGC7738	K0927	989	921	0.93	34	0.03 	0
UGC12816	K0930	170	149	0.88	18	0.11	1
NGC7782	K0931	1050	915	0.87	50	0.05 	0
UGC12864	K0935	507	450	0.89	38	0.07 	0
NGC7800	K0937	1485	1386	0.93	39	0.03 	0
NGC5947	K0938	1115	1019	0.91	42	0.04 	0
NGC4676B	K0939	373	347	0.93	17	0.05 	0
